normalEnemy -16692 4843.44 -1293.6 0 0 0 20 20 20 1 0 0 1
normalEnemy 24956.2 3666.86 5526.54 0 0 0 20 20 20 1 0 0 1
normalEnemy 24183.2 3786.15 4862.01 0 0 0 20 20 20 1 0 0 1
normalEnemy -17016.4 5232.92 775.95 0 0 0 20 20 20 1 0 0 1
normalEnemy 21779.9 3786.15 4001.68 0 0 0 20 20 20 1 0 0 1
normalEnemy 6289.87 4052.49 -35690.5 0 0 0 20 20 20 1 0 0 1
normalEnemy 28982.4 3786.15 4507.04 0 0 0 20 20 20 1 0 0 1
normalEnemy 25952.3 3786.15 3247.78 0 0 0 20 20 20 1 0 0 1
normalEnemy -17104.5 5306.52 2636.55 0 0 0 20 20 20 1 0 0 1
normalEnemy 19410 3696.57 3312.79 0 0 0 20 20 20 1 0 0 1
normalEnemy 2014.59 71.0488 -528.311 0 0 0 20 20 20 1 0 0 1
normalEnemy -18338.2 5100.82 6406.15 0 0 0 20 20 20 1 0 0 1
