normalEnemy 23627.6 3758.46 4988.33 0 0 0 100 100 100 1 0 0 1
normalEnemy 23000.6 3736.22 4800.33 0 0 0 100 100 100 1 0 0 1
normalEnemy 22700.6 3843.98 4600.33 0 0 0 100 100 100 1 0 0 1
normalEnemy 481.642 171.982 -4307.33 0 0 0 100 100 100 1 0 0 1
normalEnemy -1.9984e+18 -1.9984e+18 -1.9984e+18 0 0 0 -1.9984e+18 -1.9984e+18 -1.9984e+18 1 0 0 1
normalEnemy 0 903.933 -14401 0 0 0 100 100 100 1 0 0 1
normalEnemy -1.9984e+18 -1.9984e+18 -1.9984e+18 0 0 0 -1.9984e+18 -1.9984e+18 -1.9984e+18 1 0 0 1
normalEnemy -1.9984e+18 -1.9984e+18 -1.9984e+18 0 0 0 -1.9984e+18 -1.9984e+18 -1.9984e+18 1 0 0 1
normalEnemy -3419.36 1023.19 2219.33 0 0 0 100 100 100 1 0 0 1
normalEnemy -549.105 386.518 487.307 0 0 0 100 100 100 1 0 0 1
normalEnemy 706.429 167.978 336.365 0 0 0 100 100 100 1 0 0 1
normalEnemy 870.295 692.014 -9.08911 0 0 0 100 100 100 1 0 0 1
