FieldTree -10795 2394 -6244 0 0 0 200 200 200 1 1 1 1
FieldTree -4689 66 -15410 0 0 0 250 250 250 1 1 1 1
FieldTree -5872 27 3571 -0.808621 -123.9 0.165532 400 400 400 1 1 1 1
FieldTree 0 70.0663 -14401 1.90398 12.9609 25.8237 330 330 330 1 1 1 1
FieldTree -6318 0 0 0 1 0 240 240 240 1 1 1 1
FieldTree -500 -54 0 0 2 0 310 310 310 1 1 1 1
FieldTree 2757 0 -7171 0 3 0 360 360 360 1 1 1 1
FieldLeaf 1422 4095 9531 0 0 0 50 50 50 1 1 1 1
FieldLeaf 738 4158 9918 0 0 0 70 70 70 1 1 1 1
FieldLeaf 1665 4104 10430 -32.5774 26.4075 4.15522 40 40 40 1 1 1 1
FieldLeaf 2334 4140 9644 1.90398 12.9609 25.8237 80 80 80 1 1 1 1
FieldLeaf 4149 4077 11718 0 1 0 100 100 100 1 1 1 1
FieldLeaf 3834 4194 9666 0 2 0 100 100 100 1 1 1 1
FieldLeaf 4149 4104 10715 0 3 0 100 100 100 1 1 1 1
FieldLeaf -1269 0 792 0 -29.2208 0 100 100 100 1 1 1 1
FieldLeaf -1449 0 56 0 -46.4095 0 50 50 50 1 1 1 1
FieldLeaf -810 0 -560 0 -53.285 0 70 70 70 1 1 1 1
FieldLeaf -900 -18 -162 0 -60.1605 0 50 50 50 1 1 1 1
FieldLeaf 0 0 -483 0 29.2208 0 100 100 100 1 1 1 1
StartTree 0 0 -10000 0 1 0 1200 1200 1200 0.7 0.3 0.1 1
Nest -91 8922 -9307 0 1 0 300 400 300 0.7 0.3 0.1 1
